PID
21139173710002401
21139657480002401
21139663680002401
21139667060002401
21144148210002401
21149973770002401
21151530470002401
21154318530002401
21154338130002401
21154339420002401
21154342690002401
21154738900002401
21154995220002401
21155008040002401
21155495780002401
21157769940002401
21157775380002401
21161503280002401
21161508650002401
21161511880002401
21161512270002401
21165453630002401
21165456280002401
21165456620002401
21165468890002401
21165471450002401
21165478920002401
21165481670002401
21165482390002401
21165925120002401
21168985170002401
21174556070002401
21174560860002401
21174566520002401
21174567630002401
21174569170002401
21174913240002401
21174921200002401
21174926150002401
21178249560002401
21180550490002401
21190056570002401
21190064950002401
21190065170002401
21190072870002401
21190077560002401
21190078010002401
21190081220002401
21190087310002401
21191466990002401
21191477020002401
21191478250002401
21191481430002401
21191487040002401
21191489000002401
21191499650002401
21191520820002401
21195693220002401
21199789180002401
21199795200002401
21199797150002401
21199801640002401
21199804120002401
21199806070002401
21199821540002401
21199821730002401
21206849160002401
21207105120002401
21207147270002401
21207853530002401
21214500070002401
21215306070002401